9.141723972258088970e-01
2.485185585026473021e+00
4.399250195867498547e+00
5.078914894824898774e+00
8.987323704924776280e+00
9.036081516207872255e+00
1.560492178545479014e+01
1.560662948876879064e+01
2.444985875034052114e+01
2.444991295258418162e+01
3.552036335376877929e+01
3.552036507711853375e+01
4.881118961082383123e+01
4.881118966672099191e+01
6.432021127477224809e+01
6.432021127662325455e+01
8.204752176231579597e+01
8.204752176237818162e+01
1.020416235121366952e+02
1.020416235121388695e+02
