2.549872472673597290e+00 1.682953987853355038e+00 1.232989783120642224e+00 9.659330643495732671e-01 7.913554468389738528e-01 6.692248517200627411e-01 5.794389235964343410e-01 5.108930633075756678e-01 4.569891811140468496e-01 4.135761651344933565e-01
1.682953987854931777e+00 1.349932495000379040e+00 1.108572530334085204e+00 9.385704857984729088e-01 8.146995337315797725e-01 7.211826943958291602e-01 6.483977422104697519e-01 5.902924185121847245e-01 5.429143044636578486e-01 5.035898197245660679e-01
1.232989783123173311e+00 1.108572530335198092e+00 9.832841554157512043e-01 8.811162612587567500e-01 7.994558118616401643e-01 7.335953095586134065e-01 6.796830529706381352e-01 6.348757949299553838e-01 5.971082374615857002e-01 5.648700335906169379e-01
9.659330643516380599e-01 9.385704857990868621e-01 8.811162612580942799e-01 8.249587299992950928e-01 7.753272417873847688e-01 7.324496837423017936e-01 6.954859253077171344e-01 6.634722115354595440e-01 6.355537789835087326e-01 6.110246187764679648e-01
7.913554468431338584e-01 8.146995337346144561e-01 7.994558118633909860e-01 7.753272417898156021e-01 7.499624687462463912e-01 7.257290927960762250e-01 7.033270556483727232e-01 6.828663805220078764e-01 6.642444428174891780e-01 6.472899422126549007e-01
6.692248517226334625e-01 7.211826943971658688e-01 7.335953095584623052e-01 7.324496837427091345e-01 7.257290927939917813e-01 7.166307883309750437e-01 7.066077102968909562e-01 6.963660305225456426e-01 6.862591257127984568e-01 6.764625554849921230e-01
5.794389235987028597e-01 6.483977422115908551e-01 6.796830529702238000e-01 6.954859253078534698e-01 7.033270556460836653e-01 7.066077102967963652e-01 7.071074387468985201e-01 7.058448058118931279e-01 7.034396462583136778e-01 7.002862584682263414e-01
5.108930633110788655e-01 5.902924185147445657e-01 6.348757949309301596e-01 6.634722115368889561e-01 6.828663805209662652e-01 6.963660305236678560e-01 7.058448058129589420e-01 7.124642949948725157e-01 7.169895088138279471e-01 7.199466489130799118e-01
4.569891811158234285e-01 5.429143044643914839e-01 5.971082374606107024e-01 6.355537789828905604e-01 6.642444428144080870e-01 6.862591257119257104e-01 7.034396462573280218e-01 7.169895088118809490e-01 7.277412876346766035e-01 7.362943671906935217e-01
4.135761651363604186e-01 5.035898197255319619e-01 5.648700335898805269e-01 6.110246187760479675e-01 6.472899422098083999e-01 6.764625554843994859e-01 7.002862584674502955e-01 7.199466489114220158e-01 7.362943671909468746e-01 7.499623749943561402e-01
