2.549872472673597290e+00 1.924389423073742611e+00 1.526465942109744844e+00 1.257463617917549348e+00 1.065513836808074988e+00 9.225624599901526279e-01 8.124431091920573111e-01 7.252820032927863592e-01 6.547453885077962887e-01 5.966004440763812422e-01 5.479193798078044741e-01 5.066171224616011770e-01 4.711711615867957281e-01 4.404454549181940903e-01 4.135761651344933565e-01
1.924389423074068350e+00 1.603801790104893765e+00 1.358990518520074797e+00 1.174488538073456878e+00 1.032688958097846443e+00 9.211637947158193285e-01 8.315599548058167922e-01 7.582122146841796528e-01 6.971939616325633082e-01 6.457183515493480908e-01 6.017622051461576360e-01 5.638260118801061704e-01 5.307774410368782947e-01 5.017469804600753758e-01 4.760568129950288330e-01
1.526465942112067875e+00 1.358990518520921897e+00 1.207975305968931323e+00 1.083070295380361925e+00 9.807974116554615263e-01 8.964867056472648477e-01 8.262124802010020197e-01 7.669513401371352845e-01 7.164192817585072204e-01 6.728884538908092017e-01 6.350402786945931188e-01 6.018570999576606795e-01 5.725441170872801466e-01 5.464732944292179928e-01 5.231428268338491616e-01
1.257463617920973942e+00 1.174488538075519894e+00 1.083070295381602932e+00 1.000037092935927907e+00 9.278119631182291105e-01 8.655852980747140712e-01 8.119053773223242620e-01 7.653592406247609059e-01 7.247363426046695700e-01 6.890421253460602413e-01 6.574706743529029618e-01 6.293704342395622930e-01 6.042131123799696635e-01 5.815680720255114178e-01 5.610820227333660482e-01
1.065513836810082271e+00 1.032688958098330279e+00 9.807974116549232901e-01 9.278119631162671244e-01 8.785274840558744414e-01 8.340482568471926372e-01 7.943024184749877259e-01 7.588527039407706454e-01 7.271819593252435432e-01 6.987947325854295677e-01 6.732498145242225007e-01 6.501662421074307918e-01 6.292194495951525246e-01 6.101343050861689488e-01 5.926777361997073168e-01
9.225624599931185887e-01 9.211637947174347030e-01 8.964867056479127738e-01 8.655852980739727753e-01 8.340482568485877435e-01 8.038944057639141327e-01 7.758119270199483886e-01 7.499504162973138488e-01 7.262374122161552314e-01 7.045142014912139095e-01 6.845961880967650348e-01 6.662997517586271012e-01 6.494536231090139999e-01 6.339029684376048523e-01 6.195100564501752061e-01
8.124431091936842320e-01 8.315599548059898760e-01 8.262124802000658796e-01 8.119053773198833257e-01 7.943024184747207173e-01 7.758119270181832450e-01 7.575251175684973859e-01 7.399382030350498685e-01 7.232606245264241451e-01 7.075587183797688029e-01 6.928268012197763559e-01 6.790237934322026492e-01 6.660925677500304509e-01 6.539702807354916825e-01 6.425938556992333295e-01
7.252820032952648210e-01 7.582122146853097489e-01 7.669513401371480521e-01 7.653592406232547773e-01 7.588527039415451370e-01 7.499504162965568987e-01 7.399382030361104645e-01 7.295089394582429110e-01 7.190467981814876453e-01 7.087662585889146216e-01 6.987849081411373620e-01 6.891635625339869176e-01 6.799292520250973526e-01 6.710887913830386742e-01 6.626369759587865671e-01
6.547453885090801506e-01 6.971939616324659417e-01 7.164192817572209160e-01 7.247363426018224031e-01 7.271819593247639268e-01 7.262374122141129762e-01 7.232606245262509503e-01 7.190467981802614039e-01 7.140838481792279868e-01 7.086812523903295302e-01 7.030399977307911774e-01 6.972927214013848740e-01 6.915277750161517023e-01 6.858041670380294885e-01 6.801611131227430773e-01
5.966004440781872420e-01 6.457183515498263748e-01 6.728884538900525847e-01 6.890421253436977977e-01 6.987947325854962921e-01 7.045142014896615956e-01 7.075587183801018698e-01 7.087662585881696620e-01 7.086812523907769501e-01 7.076713240193095444e-01 7.059922341042093041e-01 7.038261878748188760e-01 7.013054998555565689e-01 6.985277692110963832e-01 6.955659167003407362e-01
5.479193798105151947e-01 6.017622051476506639e-01 6.350402786948485812e-01 6.574706743515404961e-01 6.732498145253671407e-01 6.845961880962513346e-01 6.928268012211706850e-01 6.987849081414313490e-01 7.030399977322413507e-01 7.059922341052033978e-01 7.079315656319777883e-01 7.090732868750279083e-01 7.095804869169675122e-01 7.095787797994550505e-01 7.091662841097788883e-01
5.066171224639968163e-01 5.638260118812977728e-01 6.018570999575684199e-01 6.293704342378222405e-01 6.501662421082667898e-01 6.662997517577728956e-01 6.790237934332897796e-01 6.891635625339691540e-01 6.972927214025080866e-01 7.038261878755001089e-01 7.090732868747424700e-01 7.132701951095674620e-01 7.166007576997751594e-01 7.192103889976320108e-01 7.212156638071174353e-01
4.711711615894018101e-01 5.307774410383595542e-01 5.725441170874819852e-01 6.042131123785322577e-01 6.292194495963853162e-01 6.494536231085515920e-01 6.660925677515587839e-01 6.799292520255325600e-01 6.915277750177242222e-01 7.013054998567077591e-01 7.095804869171873364e-01 7.166007577002845297e-01 7.225633067105058371e-01 7.276269732055339334e-01 7.319214527953400440e-01
4.404454549205811253e-01 5.017469804613375883e-01 5.464732944291452732e-01 5.815680720237587087e-01 6.101343050871341767e-01 6.339029684368330253e-01 6.539702807367253623e-01 6.710887913831604656e-01 6.858041670392578393e-01 6.985277692118969650e-01 7.095787797993371449e-01 7.192103889977844444e-01 7.276269732051580119e-01 7.349958542895501656e-01 7.414556315150380161e-01
4.135761651363604186e-01 4.760568129957400418e-01 5.231428268331536069e-01 5.610820227309342156e-01 5.926777362000217320e-01 6.195100564486977213e-01 6.425938556997589091e-01 6.626369759581668406e-01 6.801611131231839469e-01 6.955659167003303001e-01 7.091662841088474112e-01 7.212156638064226577e-01 7.319214527940831605e-01 7.414556315141428433e-01 7.499623749943561402e-01
