1.912404098774380046e+01 8.414769931985485840e+00 4.623711680158730353e+00 2.897799187322815939e+00 1.978388612104929001e+00 1.434053249295202503e+00 1.086447977851176416e+00 8.514884353672195205e-01 6.854837685327176411e-01 5.639674950615078952e-01
8.414769931979934725e+00 5.062246843748661185e+00 3.325717576747929893e+00 2.346426200109217319e+00 1.745784701286011042e+00 1.352217538904691319e+00 1.080662891425102856e+00 8.854386163204694959e-01 7.403376772133625217e-01 6.294872646622642343e-01
4.623711680159853010e+00 3.325717576749035675e+00 2.458210369788701666e+00 1.888106253240298349e+00 1.498979625621911671e+00 1.222658827685707328e+00 1.019524558345115794e+00 8.657396999378751401e-01 7.463852771948390474e-01 6.517730968778795431e-01
2.897799187323306658e+00 2.346426200110088178e+00 1.888106253240397603e+00 1.546797593746278343e+00 1.292212042297576691e+00 1.098674497104331849e+00 9.483898692572950706e-01 8.293402356491379468e-01 7.333312551022329595e-01 6.546692066891645068e-01
1.978388612105524524e+00 1.745784701286898777e+00 1.498979625622060441e+00 1.292212042297498531e+00 1.124943671870600070e+00 9.896305473446885825e-01 8.791587843616676112e-01 7.879227108368616062e-01 7.116904383228885855e-01 6.472899062479711141e-01
1.434053249295946575e+00 1.352217538905592820e+00 1.222658827685844773e+00 1.098674497104101588e+00 9.896305473444870771e-01 8.957884479117804721e-01 8.153165487158205993e-01 7.461064195062984128e-01 6.862590829481580723e-01 6.341836025225466855e-01
1.086447977851332292e+00 1.080662891425500538e+00 1.019524558344950815e+00 9.483898692568440980e-01 8.791587843613486442e-01 8.153165487158142710e-01 7.576150691908206669e-01 7.058447594028034455e-01 6.594746201043314437e-01 6.178995903471053985e-01
8.514884353677639739e-01 8.854386163212012439e-01 8.657396999380745362e-01 8.293402356490031657e-01 7.879227108368376253e-01 7.461064195065908455e-01 7.058447594030384797e-01 6.679352265558912150e-01 6.326377491785798446e-01 5.999554860581498561e-01
6.854837685331165442e-01 7.403376772139362849e-01 7.463852771949536224e-01 7.333312551020164660e-01 7.116904383227953268e-01 6.862590829484085386e-01 6.594746201044987544e-01 6.326377491785368790e-01 6.064510167750833958e-01 5.812849677205166321e-01
5.639674950616260229e-01 6.294872646624949386e-01 6.517730968776870304e-01 6.546692066886310446e-01 6.472899062475613308e-01 6.341836025224972806e-01 6.178995903469525208e-01 5.999554860578076854e-01 5.812849677202138743e-01 5.624717187422048070e-01
