7.083253405605827169e-01
2.128308487394077630e+00
3.560730758935942486e+00
5.010742706920095380e+00
6.520998608794219997e+00
7.939588467605990019e+00
9.776447066482422343e+00
1.065999280110162850e+01
1.362363405729445276e+01
1.386702724657503971e+01
1.832183738826662989e+01
1.836954513805698852e+01
2.397287269447183888e+01
2.398220417912742519e+01
3.059180861996794931e+01
3.059370893433947103e+01
3.817476621234671796e+01
3.817516743791400557e+01
4.671725675964593449e+01
4.671734389409495236e+01
5.621654051161833365e+01
5.621655984530359262e+01
6.667210470955103574e+01
6.667210906872908538e+01
7.808996068217342668e+01
7.808996167520238885e+01
9.050781233667015613e+01
9.050781256240027517e+01
1.041273314607700939e+02
1.041273315092483074e+02
