7.071009642250100091e-01
2.121293938534601686e+00
3.535483797509703763e+00
4.949739296977140768e+00
6.364287112776970012e+00
7.779690800143229445e+00
9.197684271213603324e+00
1.061935751297338726e+01
1.205759938352187177e+01
1.348584749237931923e+01
1.501668300007252199e+01
1.634352669464763963e+01
1.821843194024486934e+01
1.910750819712937343e+01
2.182182255640120161e+01
2.219993226008840281e+01
2.592619207423766881e+01
2.606032947854907178e+01
3.056848992755393368e+01
3.061682052390024111e+01
3.575562856384985366e+01
3.577385156991301329e+01
4.148537241944387688e+01
4.149251508390990040e+01
4.775408295662639091e+01
4.775696719671379498e+01
5.455895282686176984e+01
5.456014407627471741e+01
6.189881819613328418e+01
6.189931861717087713e+01
6.977539118090373904e+01
6.977560395744285415e+01
7.819663935051865167e+01
7.819673043792450073e+01
8.718603129276790753e+01
8.718607023139924195e+01
9.680848290156396274e+01
9.680849923617530806e+01
1.071931389090646860e+02
1.071931452519611270e+02
