1.000000000000000021e-03
1.100900900900900897e-02
2.101801801801802053e-02
3.102702702702703208e-02
4.103603603603604016e-02
5.104504504504504825e-02
6.105405405405406327e-02
7.106306306306306442e-02
8.107207207207207944e-02
9.108108108108109446e-02
1.010900900900900956e-01
1.110990990990991106e-01
1.211081081081081257e-01
1.311171171171171268e-01
1.411261261261261279e-01
1.511351351351351568e-01
1.611441441441441580e-01
1.711531531531531591e-01
1.811621621621621880e-01
1.911711711711711892e-01
2.011801801801801903e-01
2.111891891891892192e-01
2.211981981981982204e-01
2.312072072072072215e-01
2.412162162162162504e-01
2.512252252252252238e-01
2.612342342342342527e-01
2.712432432432432816e-01
2.812522522522522550e-01
2.912612612612612839e-01
3.012702702702703128e-01
3.112792792792792862e-01
3.212882882882883151e-01
3.312972972972973440e-01
3.413063063063063174e-01
3.513153153153153463e-01
3.613243243243243752e-01
3.713333333333333486e-01
3.813423423423423775e-01
3.913513513513514064e-01
4.013603603603603798e-01
4.113693693693694087e-01
4.213783783783784376e-01
4.313873873873874110e-01
4.413963963963964399e-01
4.514054054054054688e-01
4.614144144144144422e-01
4.714234234234234711e-01
4.814324324324325000e-01
4.914414414414414733e-01
5.014504504504504467e-01
5.114594594594594756e-01
5.214684684684685045e-01
5.314774774774775334e-01
5.414864864864865623e-01
5.514954954954955912e-01
5.615045045045045091e-01
5.715135135135135380e-01
5.815225225225225669e-01
5.915315315315315958e-01
6.015405405405406247e-01
6.115495495495496536e-01
6.215585585585585715e-01
6.315675675675676004e-01
6.415765765765766293e-01
6.515855855855856582e-01
6.615945945945946871e-01
6.716036036036036050e-01
6.816126126126126339e-01
6.916216216216216628e-01
7.016306306306306917e-01
7.116396396396397206e-01
7.216486486486487495e-01
7.316576576576576674e-01
7.416666666666666963e-01
7.516756756756757252e-01
7.616846846846847541e-01
7.716936936936937830e-01
7.817027027027028119e-01
7.917117117117117298e-01
8.017207207207207587e-01
8.117297297297297876e-01
8.217387387387388165e-01
8.317477477477478454e-01
8.417567567567568743e-01
8.517657657657657921e-01
8.617747747747748210e-01
8.717837837837838499e-01
8.817927927927928788e-01
8.918018018018019077e-01
9.018108108108109366e-01
9.118198198198198545e-01
9.218288288288288834e-01
9.318378378378379123e-01
9.418468468468469412e-01
9.518558558558559701e-01
9.618648648648649990e-01
9.718738738738739169e-01
9.818828828828829458e-01
9.918918918918919747e-01
1.001900900900900782e+00
1.011909909909909810e+00
1.021918918918918839e+00
1.031927927927927868e+00
1.041936936936936897e+00
1.051945945945945926e+00
1.061954954954954955e+00
1.071963963963963984e+00
1.081972972972973013e+00
1.091981981981982042e+00
1.101990990990991071e+00
1.111999999999999877e+00
1.122009009009008906e+00
1.132018018018017935e+00
1.142027027027026964e+00
1.152036036036035993e+00
1.162045045045045022e+00
1.172054054054054051e+00
1.182063063063063080e+00
1.192072072072072109e+00
1.202081081081081138e+00
1.212090090090090166e+00
1.222099099099099195e+00
1.232108108108108002e+00
1.242117117117117031e+00
1.252126126126126060e+00
1.262135135135135089e+00
1.272144144144144118e+00
1.282153153153153147e+00
1.292162162162162176e+00
1.302171171171171205e+00
1.312180180180180233e+00
1.322189189189189262e+00
1.332198198198198291e+00
1.342207207207207098e+00
1.352216216216216127e+00
1.362225225225225156e+00
1.372234234234234185e+00
1.382243243243243214e+00
1.392252252252252243e+00
1.402261261261261271e+00
1.412270270270270300e+00
1.422279279279279329e+00
1.432288288288288358e+00
1.442297297297297387e+00
1.452306306306306416e+00
1.462315315315315223e+00
1.472324324324324252e+00
1.482333333333333281e+00
1.492342342342342310e+00
1.502351351351351338e+00
1.512360360360360367e+00
1.522369369369369396e+00
1.532378378378378425e+00
1.542387387387387454e+00
1.552396396396396483e+00
1.562405405405405512e+00
1.572414414414414541e+00
1.582423423423423348e+00
1.592432432432432377e+00
1.602441441441441405e+00
1.612450450450450434e+00
1.622459459459459463e+00
1.632468468468468492e+00
1.642477477477477521e+00
1.652486486486486550e+00
1.662495495495495579e+00
1.672504504504504608e+00
1.682513513513513637e+00
1.692522522522522443e+00
1.702531531531531472e+00
1.712540540540540501e+00
1.722549549549549530e+00
1.732558558558558559e+00
1.742567567567567588e+00
1.752576576576576617e+00
1.762585585585585646e+00
1.772594594594594675e+00
1.782603603603603704e+00
1.792612612612612732e+00
1.802621621621621761e+00
1.812630630630630568e+00
1.822639639639639597e+00
1.832648648648648626e+00
1.842657657657657655e+00
1.852666666666666684e+00
1.862675675675675713e+00
1.872684684684684742e+00
1.882693693693693771e+00
1.892702702702702799e+00
1.902711711711711828e+00
1.912720720720720857e+00
1.922729729729729886e+00
1.932738738738738693e+00
1.942747747747747722e+00
1.952756756756756751e+00
1.962765765765765780e+00
1.972774774774774809e+00
1.982783783783783838e+00
1.992792792792792866e+00
2.002801801801801673e+00
2.012810810810810924e+00
2.022819819819819731e+00
2.032828828828828982e+00
2.042837837837837789e+00
2.052846846846847040e+00
2.062855855855855847e+00
2.072864864864865098e+00
2.082873873873873904e+00
2.092882882882883155e+00
2.102891891891891962e+00
2.112900900900900769e+00
2.122909909909910020e+00
2.132918918918918827e+00
2.142927927927928078e+00
2.152936936936936885e+00
2.162945945945946136e+00
2.172954954954954943e+00
2.182963963963964193e+00
2.192972972972973000e+00
2.202981981981982251e+00
2.212990990990991058e+00
2.222999999999999865e+00
2.233009009009009116e+00
2.243018018018017923e+00
2.253027027027027174e+00
2.263036036036035981e+00
2.273045045045045232e+00
2.283054054054054038e+00
2.293063063063063289e+00
2.303072072072072096e+00
2.313081081081081347e+00
2.323090090090090154e+00
2.333099099099098961e+00
2.343108108108108212e+00
2.353117117117117019e+00
2.363126126126126270e+00
2.373135135135135076e+00
2.383144144144144327e+00
2.393153153153153134e+00
2.403162162162162385e+00
2.413171171171171192e+00
2.423180180180180443e+00
2.433189189189189250e+00
2.443198198198198501e+00
2.453207207207207308e+00
2.463216216216216115e+00
2.473225225225225365e+00
2.483234234234234172e+00
2.493243243243243423e+00
2.503252252252252230e+00
2.513261261261261481e+00
2.523270270270270288e+00
2.533279279279279539e+00
2.543288288288288346e+00
2.553297297297297597e+00
2.563306306306306404e+00
2.573315315315315210e+00
2.583324324324324461e+00
2.593333333333333268e+00
2.603342342342342519e+00
2.613351351351351326e+00
2.623360360360360577e+00
2.633369369369369384e+00
2.643378378378378635e+00
2.653387387387387442e+00
2.663396396396396693e+00
2.673405405405405499e+00
2.683414414414414306e+00
2.693423423423423557e+00
2.703432432432432364e+00
2.713441441441441615e+00
2.723450450450450422e+00
2.733459459459459673e+00
2.743468468468468480e+00
2.753477477477477731e+00
2.763486486486486537e+00
2.773495495495495788e+00
2.783504504504504595e+00
2.793513513513513846e+00
2.803522522522522653e+00
2.813531531531531460e+00
2.823540540540540711e+00
2.833549549549549518e+00
2.843558558558558769e+00
2.853567567567567576e+00
2.863576576576576826e+00
2.873585585585585633e+00
2.883594594594594884e+00
2.893603603603603691e+00
2.903612612612612942e+00
2.913621621621621749e+00
2.923630630630630556e+00
2.933639639639639807e+00
2.943648648648648614e+00
2.953657657657657865e+00
2.963666666666666671e+00
2.973675675675675922e+00
2.983684684684684729e+00
2.993693693693693980e+00
3.003702702702702787e+00
3.013711711711712038e+00
3.023720720720720845e+00
3.033729729729729652e+00
3.043738738738738903e+00
3.053747747747747709e+00
3.063756756756756960e+00
3.073765765765765767e+00
3.083774774774775018e+00
3.093783783783783825e+00
3.103792792792793076e+00
3.113801801801801883e+00
3.123810810810811134e+00
3.133819819819819941e+00
3.143828828828829192e+00
3.153837837837837998e+00
3.163846846846846805e+00
3.173855855855856056e+00
3.183864864864864863e+00
3.193873873873874114e+00
3.203882882882882921e+00
3.213891891891892172e+00
3.223900900900900979e+00
3.233909909909910230e+00
3.243918918918919037e+00
3.253927927927928287e+00
3.263936936936937094e+00
3.273945945945945901e+00
3.283954954954955152e+00
3.293963963963963959e+00
3.303972972972973210e+00
3.313981981981982017e+00
3.323990990990991268e+00
3.334000000000000075e+00
3.344009009009009326e+00
3.354018018018018132e+00
3.364027027027027383e+00
3.374036036036036190e+00
3.384045045045044997e+00
3.394054054054054248e+00
3.404063063063063055e+00
3.414072072072072306e+00
3.424081081081081113e+00
3.434090090090090364e+00
3.444099099099099170e+00
3.454108108108108421e+00
3.464117117117117228e+00
3.474126126126126479e+00
3.484135135135135286e+00
3.494144144144144537e+00
3.504153153153153344e+00
3.514162162162162151e+00
3.524171171171171402e+00
3.534180180180180209e+00
3.544189189189189459e+00
3.554198198198198266e+00
3.564207207207207517e+00
3.574216216216216324e+00
3.584225225225225575e+00
3.594234234234234382e+00
3.604243243243243633e+00
3.614252252252252440e+00
3.624261261261261247e+00
3.634270270270270498e+00
3.644279279279279304e+00
3.654288288288288555e+00
3.664297297297297362e+00
3.674306306306306613e+00
3.684315315315315420e+00
3.694324324324324671e+00
3.704333333333333478e+00
3.714342342342342729e+00
3.724351351351351536e+00
3.734360360360360342e+00
3.744369369369369593e+00
3.754378378378378400e+00
3.764387387387387651e+00
3.774396396396396458e+00
3.784405405405405709e+00
3.794414414414414516e+00
3.804423423423423767e+00
3.814432432432432574e+00
3.824441441441441825e+00
3.834450450450450631e+00
3.844459459459459882e+00
3.854468468468468689e+00
3.864477477477477496e+00
3.874486486486486747e+00
3.884495495495495554e+00
3.894504504504504805e+00
3.904513513513513612e+00
3.914522522522522863e+00
3.924531531531531670e+00
3.934540540540540920e+00
3.944549549549549727e+00
3.954558558558558978e+00
3.964567567567567785e+00
3.974576576576576592e+00
3.984585585585585843e+00
3.994594594594594650e+00
4.004603603603603901e+00
4.014612612612613596e+00
4.024621621621622403e+00
4.034630630630631209e+00
4.044639639639640016e+00
4.054648648648649711e+00
4.064657657657658518e+00
4.074666666666667325e+00
4.084675675675676132e+00
4.094684684684684939e+00
4.104693693693694634e+00
4.114702702702703441e+00
4.124711711711712248e+00
4.134720720720721054e+00
4.144729729729730749e+00
4.154738738738739556e+00
4.164747747747748363e+00
4.174756756756757170e+00
4.184765765765766865e+00
4.194774774774775672e+00
4.204783783783784479e+00
4.214792792792793286e+00
4.224801801801802092e+00
4.234810810810811788e+00
4.244819819819820594e+00
4.254828828828829401e+00
4.264837837837838208e+00
4.274846846846847903e+00
4.284855855855856710e+00
4.294864864864865517e+00
4.304873873873874324e+00
4.314882882882883131e+00
4.324891891891892826e+00
4.334900900900901632e+00
4.344909909909910439e+00
4.354918918918919246e+00
4.364927927927928941e+00
4.374936936936937748e+00
4.384945945945946555e+00
4.394954954954955362e+00
4.404963963963965057e+00
4.414972972972973864e+00
4.424981981981982671e+00
4.434990990990991477e+00
4.445000000000000284e+00
4.455009009009009979e+00
4.465018018018018786e+00
4.475027027027027593e+00
4.485036036036036400e+00
4.495045045045046095e+00
4.505054054054054902e+00
4.515063063063063709e+00
4.525072072072072515e+00
4.535081081081082210e+00
4.545090090090091017e+00
4.555099099099099824e+00
4.565108108108108631e+00
4.575117117117117438e+00
4.585126126126127133e+00
4.595135135135135940e+00
4.605144144144144747e+00
4.615153153153153553e+00
4.625162162162163249e+00
4.635171171171172055e+00
4.645180180180180862e+00
4.655189189189189669e+00
4.665198198198198476e+00
4.675207207207208171e+00
4.685216216216216978e+00
4.695225225225225785e+00
4.705234234234234592e+00
4.715243243243244287e+00
4.725252252252253093e+00
4.735261261261261900e+00
4.745270270270270707e+00
4.755279279279280402e+00
4.765288288288289209e+00
4.775297297297298016e+00
4.785306306306306823e+00
4.795315315315315630e+00
4.805324324324325325e+00
4.815333333333334132e+00
4.825342342342342938e+00
4.835351351351351745e+00
4.845360360360361440e+00
4.855369369369370247e+00
4.865378378378379054e+00
4.875387387387387861e+00
4.885396396396397556e+00
4.895405405405406363e+00
4.905414414414415170e+00
4.915423423423423976e+00
4.925432432432432783e+00
4.935441441441442478e+00
4.945450450450451285e+00
4.955459459459460092e+00
4.965468468468468899e+00
4.975477477477478594e+00
4.985486486486487401e+00
4.995495495495496208e+00
5.005504504504505014e+00
5.015513513513513821e+00
5.025522522522523516e+00
5.035531531531532323e+00
5.045540540540541130e+00
5.055549549549549937e+00
5.065558558558559632e+00
5.075567567567568439e+00
5.085576576576577246e+00
5.095585585585586053e+00
5.105594594594595748e+00
5.115603603603604554e+00
5.125612612612613361e+00
5.135621621621622168e+00
5.145630630630630975e+00
5.155639639639640670e+00
5.165648648648649477e+00
5.175657657657658284e+00
5.185666666666667091e+00
5.195675675675676786e+00
5.205684684684685593e+00
5.215693693693694399e+00
5.225702702702703206e+00
5.235711711711712901e+00
5.245720720720721708e+00
5.255729729729730515e+00
5.265738738738739322e+00
5.275747747747748129e+00
5.285756756756757824e+00
5.295765765765766631e+00
5.305774774774775437e+00
5.315783783783784244e+00
5.325792792792793939e+00
5.335801801801802746e+00
5.345810810810811553e+00
5.355819819819820360e+00
5.365828828828829167e+00
5.375837837837838862e+00
5.385846846846847669e+00
5.395855855855856476e+00
5.405864864864865282e+00
5.415873873873874977e+00
5.425882882882883784e+00
5.435891891891892591e+00
5.445900900900901398e+00
5.455909909909911093e+00
5.465918918918919900e+00
5.475927927927928707e+00
5.485936936936937514e+00
5.495945945945946320e+00
5.505954954954956015e+00
5.515963963963964822e+00
5.525972972972973629e+00
5.535981981981982436e+00
5.545990990990992131e+00
5.556000000000000938e+00
5.566009009009009745e+00
5.576018018018018552e+00
5.586027027027028247e+00
5.596036036036037054e+00
5.606045045045045860e+00
5.616054054054054667e+00
5.626063063063063474e+00
5.636072072072073169e+00
5.646081081081081976e+00
5.656090090090090783e+00
5.666099099099099590e+00
5.676108108108109285e+00
5.686117117117118092e+00
5.696126126126126898e+00
5.706135135135135705e+00
5.716144144144144512e+00
5.726153153153154207e+00
5.736162162162163014e+00
5.746171171171171821e+00
5.756180180180180628e+00
5.766189189189190323e+00
5.776198198198199130e+00
5.786207207207207937e+00
5.796216216216216743e+00
5.806225225225226438e+00
5.816234234234235245e+00
5.826243243243244052e+00
5.836252252252252859e+00
5.846261261261261666e+00
5.856270270270271361e+00
5.866279279279280168e+00
5.876288288288288975e+00
5.886297297297297781e+00
5.896306306306307476e+00
5.906315315315316283e+00
5.916324324324325090e+00
5.926333333333333897e+00
5.936342342342343592e+00
5.946351351351352399e+00
5.956360360360361206e+00
5.966369369369370013e+00
5.976378378378378819e+00
5.986387387387388515e+00
5.996396396396397321e+00
6.006405405405406128e+00
6.016414414414414935e+00
6.026423423423424630e+00
6.036432432432433437e+00
6.046441441441442244e+00
6.056450450450451051e+00
6.066459459459459858e+00
6.076468468468469553e+00
6.086477477477478359e+00
6.096486486486487166e+00
6.106495495495495973e+00
6.116504504504505668e+00
6.126513513513514475e+00
6.136522522522523282e+00
6.146531531531532089e+00
6.156540540540541784e+00
6.166549549549550591e+00
6.176558558558559398e+00
6.186567567567568204e+00
6.196576576576577011e+00
6.206585585585586706e+00
6.216594594594595513e+00
6.226603603603604320e+00
6.236612612612613127e+00
6.246621621621622822e+00
6.256630630630631629e+00
6.266639639639640436e+00
6.276648648648649242e+00
6.286657657657658937e+00
6.296666666666667744e+00
6.306675675675676551e+00
6.316684684684685358e+00
6.326693693693694165e+00
6.336702702702703860e+00
6.346711711711712667e+00
6.356720720720721474e+00
6.366729729729730280e+00
6.376738738738739976e+00
6.386747747747748782e+00
6.396756756756757589e+00
6.406765765765766396e+00
6.416774774774775203e+00
6.426783783783784898e+00
6.436792792792793705e+00
6.446801801801802512e+00
6.456810810810811319e+00
6.466819819819821014e+00
6.476828828828829820e+00
6.486837837837838627e+00
6.496846846846847434e+00
6.506855855855857129e+00
6.516864864864865936e+00
6.526873873873874743e+00
6.536882882882883550e+00
6.546891891891892357e+00
6.556900900900902052e+00
6.566909909909910859e+00
6.576918918918919665e+00
6.586927927927928472e+00
6.596936936936938167e+00
6.606945945945946974e+00
6.616954954954955781e+00
6.626963963963964588e+00
6.636972972972974283e+00
6.646981981981983090e+00
6.656990990990991897e+00
6.667000000000000703e+00
6.677009009009009510e+00
6.687018018018019205e+00
6.697027027027028012e+00
6.707036036036036819e+00
6.717045045045045626e+00
6.727054054054055321e+00
6.737063063063064128e+00
6.747072072072072935e+00
6.757081081081081742e+00
6.767090090090090548e+00
6.777099099099100243e+00
6.787108108108109050e+00
6.797117117117117857e+00
6.807126126126126664e+00
6.817135135135136359e+00
6.827144144144145166e+00
6.837153153153153973e+00
6.847162162162162780e+00
6.857171171171172475e+00
6.867180180180181281e+00
6.877189189189190088e+00
6.887198198198198895e+00
6.897207207207207702e+00
6.907216216216217397e+00
6.917225225225226204e+00
6.927234234234235011e+00
6.937243243243243818e+00
6.947252252252253513e+00
6.957261261261262320e+00
6.967270270270271126e+00
6.977279279279279933e+00
6.987288288288289628e+00
6.997297297297298435e+00
7.007306306306307242e+00
7.017315315315316049e+00
7.027324324324324856e+00
7.037333333333334551e+00
7.047342342342343358e+00
7.057351351351352164e+00
7.067360360360360971e+00
7.077369369369370666e+00
7.087378378378379473e+00
7.097387387387388280e+00
7.107396396396397087e+00
7.117405405405405894e+00
7.127414414414415589e+00
7.137423423423424396e+00
7.147432432432433203e+00
7.157441441441442009e+00
7.167450450450451704e+00
7.177459459459460511e+00
7.187468468468469318e+00
7.197477477477478125e+00
7.207486486486487820e+00
7.217495495495496627e+00
7.227504504504505434e+00
7.237513513513514241e+00
7.247522522522523047e+00
7.257531531531532742e+00
7.267540540540541549e+00
7.277549549549550356e+00
7.287558558558559163e+00
7.297567567567568858e+00
7.307576576576577665e+00
7.317585585585586472e+00
7.327594594594595279e+00
7.337603603603604974e+00
7.347612612612613781e+00
7.357621621621622587e+00
7.367630630630631394e+00
7.377639639639640201e+00
7.387648648648649896e+00
7.397657657657658703e+00
7.407666666666667510e+00
7.417675675675676317e+00
7.427684684684686012e+00
7.437693693693694819e+00
7.447702702702703625e+00
7.457711711711712432e+00
7.467720720720721239e+00
7.477729729729730934e+00
7.487738738738739741e+00
7.497747747747748548e+00
7.507756756756757355e+00
7.517765765765767050e+00
7.527774774774775857e+00
7.537783783783784664e+00
7.547792792792793470e+00
7.557801801801803165e+00
7.567810810810811972e+00
7.577819819819820779e+00
7.587828828828829586e+00
7.597837837837838393e+00
7.607846846846848088e+00
7.617855855855856895e+00
7.627864864864865702e+00
7.637873873873874508e+00
7.647882882882884203e+00
7.657891891891893010e+00
7.667900900900901817e+00
7.677909909909910624e+00
7.687918918918920319e+00
7.697927927927929126e+00
7.707936936936937933e+00
7.717945945945946740e+00
7.727954954954955546e+00
7.737963963963965242e+00
7.747972972972974048e+00
7.757981981981982855e+00
7.767990990990991662e+00
7.778000000000001357e+00
7.788009009009010164e+00
7.798018018018018971e+00
7.808027027027027778e+00
7.818036036036036585e+00
7.828045045045046280e+00
7.838054054054055086e+00
7.848063063063063893e+00
7.858072072072072700e+00
7.868081081081082395e+00
7.878090090090091202e+00
7.888099099099100009e+00
7.898108108108108816e+00
7.908117117117118511e+00
7.918126126126127318e+00
7.928135135135136125e+00
7.938144144144144931e+00
7.948153153153153738e+00
7.958162162162163433e+00
7.968171171171172240e+00
7.978180180180181047e+00
7.988189189189189854e+00
7.998198198198199549e+00
8.008207207207206579e+00
8.018216216216217163e+00
8.028225225225225969e+00
8.038234234234234776e+00
8.048243243243243583e+00
8.058252252252252390e+00
8.068261261261261197e+00
8.078270270270270004e+00
8.088279279279278811e+00
8.098288288288287617e+00
8.108297297297298201e+00
8.118306306306307008e+00
8.128315315315315814e+00
8.138324324324324621e+00
8.148333333333333428e+00
8.158342342342342235e+00
8.168351351351351042e+00
8.178360360360359849e+00
8.188369369369368655e+00
8.198378378378379239e+00
8.208387387387388046e+00
8.218396396396396852e+00
8.228405405405405659e+00
8.238414414414414466e+00
8.248423423423423273e+00
8.258432432432432080e+00
8.268441441441440887e+00
8.278450450450449694e+00
8.288459459459460277e+00
8.298468468468469084e+00
8.308477477477477890e+00
8.318486486486486697e+00
8.328495495495495504e+00
8.338504504504504311e+00
8.348513513513513118e+00
8.358522522522521925e+00
8.368531531531532508e+00
8.378540540540541315e+00
8.388549549549550122e+00
8.398558558558558929e+00
8.408567567567567735e+00
8.418576576576576542e+00
8.428585585585585349e+00
8.438594594594594156e+00
8.448603603603602963e+00
8.458612612612613546e+00
8.468621621621622353e+00
8.478630630630631160e+00
8.488639639639639967e+00
8.498648648648648773e+00
8.508657657657657580e+00
8.518666666666666387e+00
8.528675675675675194e+00
8.538684684684684001e+00
8.548693693693694584e+00
8.558702702702703391e+00
8.568711711711712198e+00
8.578720720720721005e+00
8.588729729729729812e+00
8.598738738738738618e+00
8.608747747747747425e+00
8.618756756756756232e+00
8.628765765765765039e+00
8.638774774774775622e+00
8.648783783783784429e+00
8.658792792792793236e+00
8.668801801801802043e+00
8.678810810810810850e+00
8.688819819819819656e+00
8.698828828828828463e+00
8.708837837837837270e+00
8.718846846846847853e+00
8.728855855855856660e+00
8.738864864864865467e+00
8.748873873873874274e+00
8.758882882882883081e+00
8.768891891891891888e+00
8.778900900900900695e+00
8.788909909909909501e+00
8.798918918918918308e+00
8.808927927927928891e+00
8.818936936936937698e+00
8.828945945945946505e+00
8.838954954954955312e+00
8.848963963963964119e+00
8.858972972972972926e+00
8.868981981981981733e+00
8.878990990990990539e+00
8.888999999999999346e+00
8.899009009009009930e+00
8.909018018018018736e+00
8.919027027027027543e+00
8.929036036036036350e+00
8.939045045045045157e+00
8.949054054054053964e+00
8.959063063063062771e+00
8.969072072072071578e+00
8.979081081081080384e+00
8.989090090090090968e+00
8.999099099099099774e+00
9.009108108108108581e+00
9.019117117117117388e+00
9.029126126126126195e+00
9.039135135135135002e+00
9.049144144144143809e+00
9.059153153153152616e+00
9.069162162162163199e+00
9.079171171171172006e+00
9.089180180180180812e+00
9.099189189189189619e+00
9.109198198198198426e+00
9.119207207207207233e+00
9.129216216216216040e+00
9.139225225225224847e+00
9.149234234234233654e+00
9.159243243243244237e+00
9.169252252252253044e+00
9.179261261261261851e+00
9.189270270270270657e+00
9.199279279279279464e+00
9.209288288288288271e+00
9.219297297297297078e+00
9.229306306306305885e+00
9.239315315315314692e+00
9.249324324324325275e+00
9.259333333333334082e+00
9.269342342342342889e+00
9.279351351351351695e+00
9.289360360360360502e+00
9.299369369369369309e+00
9.309378378378378116e+00
9.319387387387386923e+00
9.329396396396395730e+00
9.339405405405406313e+00
9.349414414414415120e+00
9.359423423423423927e+00
9.369432432432432734e+00
9.379441441441441540e+00
9.389450450450450347e+00
9.399459459459459154e+00
9.409468468468467961e+00
9.419477477477478544e+00
9.429486486486487351e+00
9.439495495495496158e+00
9.449504504504504965e+00
9.459513513513513772e+00
9.469522522522522578e+00
9.479531531531531385e+00
9.489540540540540192e+00
9.499549549549548999e+00
9.509558558558559582e+00
9.519567567567568389e+00
9.529576576576577196e+00
9.539585585585586003e+00
9.549594594594594810e+00
9.559603603603603617e+00
9.569612612612612423e+00
9.579621621621621230e+00
9.589630630630630037e+00
9.599639639639640620e+00
9.609648648648649427e+00
9.619657657657658234e+00
9.629666666666667041e+00
9.639675675675675848e+00
9.649684684684684655e+00
9.659693693693693461e+00
9.669702702702702268e+00
9.679711711711711075e+00
9.689720720720721658e+00
9.699729729729730465e+00
9.709738738738739272e+00
9.719747747747748079e+00
9.729756756756756886e+00
9.739765765765765693e+00
9.749774774774774500e+00
9.759783783783783306e+00
9.769792792792793890e+00
9.779801801801802696e+00
9.789810810810811503e+00
9.799819819819820310e+00
9.809828828828829117e+00
9.819837837837837924e+00
9.829846846846846731e+00
9.839855855855855538e+00
9.849864864864864344e+00
9.859873873873874928e+00
9.869882882882883735e+00
9.879891891891892541e+00
9.889900900900901348e+00
9.899909909909910155e+00
9.909918918918918962e+00
9.919927927927927769e+00
9.929936936936936576e+00
9.939945945945945383e+00
9.949954954954955966e+00
9.959963963963964773e+00
9.969972972972973579e+00
9.979981981981982386e+00
9.989990990990991193e+00
1.000000000000000000e+01
