3.379550354346080865e-01
1.612690932732393945e+00
3.661739349709763225e+00
6.050497143531706534e+00
8.734287667087745177e+00
1.165942898757519686e+01
1.481128232926506350e+01
1.819988991371267417e+01
2.182929512329189947e+01
2.528391019344838142e+01
3.375710284942479689e+01
3.570422187673773351e+01
5.621770544980795137e+01
5.745132301317719481e+01
9.303788775479418405e+01
9.397248355370554407e+01
1.486509954167210878e+02
1.493924873297157205e+02
2.282984345917921871e+02
2.288887780331620831e+02
3.379440524719363452e+02
3.384094104413378545e+02
4.842473898886237862e+02
4.846091282177969219e+02
6.745612597019268151e+02
6.748383560328018120e+02
9.169440315077969217e+02
9.171533221224781300e+02
1.220189932642886333e+03
1.220345960541926615e+03
1.593889931989687739e+03
1.594004877751877075e+03
2.048549042580113564e+03
2.048632819342455150e+03
2.595810133533925182e+03
2.595870608261470807e+03
3.248882110860565717e+03
3.248925392159837429e+03
4.023370251427480980e+03
4.023400993979349096e+03
4.938933783520324141e+03
4.938955476043863200e+03
6.022780096609345492e+03
6.022795315216679228e+03
7.317794107478697697e+03
7.317804726750339796e+03
8.905206988882258884e+03
8.905214347997511140e+03
1.099618488133659594e+04
1.099618989483398764e+04
