3.379546606028024369e-01
1.612687483146462819e+00
3.661695706857059474e+00
6.050349105915640457e+00
8.733751948676884425e+00
1.165926761029442815e+01
1.479437023997131995e+01
1.811544460407983692e+01
2.160458618103532302e+01
2.524758513464514564e+01
2.903316787279357314e+01
3.295034939218014358e+01
3.700955024511678459e+01
4.119145205809904553e+01
4.549103955878767636e+01
4.984027974566843255e+01
5.681762101300142831e+01
6.015657125311232534e+01
7.498950587735245676e+01
7.750221866662934644e+01
1.015432645415729240e+02
1.037078985806481626e+02
1.377876124963009090e+02
1.397607305390338013e+02
1.854106941976356211e+02
1.872432615219418608e+02
2.463742894020141989e+02
2.480832518691655935e+02
3.228604969484352978e+02
3.244507283903884058e+02
4.172535716727887802e+02
4.187260267924951336e+02
5.321361610801184270e+02
5.334912526184382386e+02
6.702930958122439051e+02
6.715320944819252418e+02
8.347209653644257514e+02
8.358464837150316953e+02
1.028643845747470777e+03
1.029659876093786806e+03
1.255536872762389521e+03
1.256448612015659137e+03
1.519160648059121286e+03
1.519974233057608672e+03
1.823611143575265260e+03
1.824333364483064543e+03
2.173392265497249355e+03
2.174030293728213110e+03
2.573522198307784947e+03
2.574083347298547324e+03
3.029691247738652692e+03
3.030182773941638516e+03
3.548500420265721914e+03
3.548929365366764614e+03
4.137831188805545025e+03
4.138204260228289058e+03
4.807438446739298342e+03
4.807761931372899198e+03
5.569946426021233492e+03
5.570226130565860331e+03
6.442631006592223457e+03
6.442872216585494243e+03
7.450905693972830704e+03
7.451113140308090806e+03
8.636083616996716955e+03
8.636261429304140620e+03
1.007658954058988456e+04
1.007674112932929165e+04
1.197310217715278122e+04
1.197322976444278720e+04
