3.385354399711769657e-01
1.616414092429852678e+00
3.668273296004839423e+00
6.070892642086848312e+00
9.029486141305163471e+00
1.342891589538202091e+01
1.520631268199251984e+01
3.283584643478079101e+01
3.342148656999204093e+01
7.535219280918377649e+01
7.563577417871361774e+01
1.537590043195367002e+02
1.539092102876305148e+02
2.838030302665263775e+02
2.838818765589954864e+02
4.841481722892177118e+02
4.841883571978690384e+02
7.763482851655759305e+02
7.763681308266754968e+02
1.184850256250674420e+03
1.184859778130704854e+03
1.737033994868563241e+03
1.737038448969559340e+03
2.463360668117925798e+03
2.463362706317081575e+03
3.397884844899479958e+03
3.397885760060511075e+03
4.579998358843100505e+03
4.579998763142309144e+03
6.060402727736903216e+03
6.060402903932815207e+03
7.922783112834754320e+03
7.922783188736529155e+03
1.038319655977796174e+04
1.038319659189427875e+04
