3.379546613378213160e-01
1.612687492856747395e+00
3.661695922545284976e+00
6.050350289265015391e+00
8.733762536920737674e+00
1.165927593167663368e+01
1.479437758505495637e+01
1.811606380335739530e+01
2.161386003527571376e+01
2.525786743517663169e+01
2.903333533331789340e+01
3.305982326257080217e+01
3.824934595510485025e+01
4.152281153666929470e+01
5.409707100260917656e+01
5.622411618581478621e+01
7.955057755845857059e+01
8.121550829463998866e+01
1.167570964174319812e+02
1.181837646598288956e+02
1.683753417998064208e+02
1.696300388054415009e+02
2.374974012080856482e+02
2.386045646967742755e+02
3.275839082625004153e+02
3.285558589172113102e+02
4.424438404086905052e+02
4.432899561111749449e+02
5.862321900678800830e+02
5.869618430356380259e+02
7.634576769620770165e+02
7.640809448645031807e+02
9.789999165088122481e+02
9.795274692626915112e+02
1.238139067812662915e+03
1.238581791611950848e+03
1.546604252616876693e+03
1.546972847681838402e+03
1.910651496443168980e+03
1.910956142863041805e+03
2.337189100568798494e+03
2.337439220630905311e+03
2.833980688200000714e+03
2.834184803102855312e+03
3.409978642535538256e+03
3.410144308535850996e+03
4.075884243120573501e+03
4.076018048274554076e+03
4.845122103445987705e+03
4.845229706515143334e+03
5.735627145413267499e+03
5.735713340663020062e+03
6.773392921114359524e+03
6.773461714877244049e+03
8.000435580404830034e+03
8.000490265317132980e+03
9.496631756065165973e+03
9.496674959900841714e+03
1.146748322200115217e+04
1.146751684079345068e+04
