3.380325528706587535e-01
1.613160659093086480e+00
3.664448593747815064e+00
6.052663097411926429e+00
8.745272903606979398e+00
1.188174984421527292e+01
1.591878683850222664e+01
1.827540764990305888e+01
3.225759081333457345e+01
3.321404892585907476e+01
6.564646691153508584e+01
6.618807654302456456e+01
1.241694064251972947e+02
1.245149766507247335e+02
2.176837723271736138e+02
2.179063703168768313e+02
3.577762095505113962e+02
3.579170618431054436e+02
5.577202556019431086e+02
5.578072904073836753e+02
8.324698322363198031e+02
8.325223620162753377e+02
1.198675522563492450e+03
1.198706551382773569e+03
1.674740008438628365e+03
1.674757988692778781e+03
2.280969020249112418e+03
2.280979264675567265e+03
3.039967933044339134e+03
3.039973684135931308e+03
3.977676617692732634e+03
3.977679804998979762e+03
5.126096538213762869e+03
5.126098285280761047e+03
6.530779602408612845e+03
6.530780551146129255e+03
8.273899839784749929e+03
8.273900350459700348e+03
1.057126753047928105e+04
1.057126780051513379e+04
