3.571143362332867555e-01
1.704391221451636573e+00
4.144538848495870731e+00
8.994185884296834743e+00
9.806346885490887288e+00
3.855358345282849797e+01
3.866191867359455614e+01
1.204872639326242592e+02
1.205100699296416025e+02
2.952986882543268621e+02
2.953036227207139746e+02
6.150623750763603539e+02
6.150633865541084333e+02
1.143433595700863862e+03
1.143433791254518610e+03
1.955650093985515696e+03
1.955650129931587117e+03
3.138602935808311031e+03
3.138602942145612360e+03
4.791594466468106475e+03
4.791594467547667591e+03
7.034038953041260356e+03
7.034038953220087024e+03
1.008366935783587905e+04
1.008366935786478643e+04
