3.416152523773906546e-01
1.625448097291977367e+00
3.707370670557838643e+00
6.426369433530039643e+00
1.115458896405126943e+01
1.240839728639206641e+01
3.468220631213223726e+01
3.498082685236657596e+01
9.154683438276964580e+01
9.165509836672968902e+01
2.033914158275208024e+02
2.034330886678907007e+02
3.973375188522287544e+02
3.973530928628465517e+02
7.059570602547225917e+02
7.059626371490371639e+02
1.167259744415261594e+03
1.167261662668915051e+03
1.824712190363469290e+03
1.824712827557659921e+03
2.727358345537473724e+03
2.727358551021834501e+03
3.930454315861040413e+03
3.930454380488993593e+03
5.498730272910031999e+03
5.498730292814702807e+03
7.523145136801109402e+03
7.523145142826982919e+03
1.021795732112457335e+04
1.021795732291422064e+04
