5.247446983247381347e-01
2.255415135365720136e+00
6.831639946538819785e+00
7.294506058230190604e+00
4.635943346646837426e+01
4.637892502455947863e+01
1.792950431029489096e+02
1.792964066187851415e+02
4.940669411648656819e+02
4.940670352843172850e+02
1.108530744001185894e+03
1.108530749960323419e+03
2.170013100227363338e+03
2.170013100576186844e+03
3.855334343493273991e+03
3.855334343512452051e+03
6.371800748540183122e+03
6.371800748541187204e+03
9.992182538977704098e+03
9.992182538977769582e+03
