1.193386220510248137e+02 1.193386220510249132e+02 9.951437387483125349e+03 9.951437387483127168e+03
1.437387483123687471e+00 6.139373874831238709e+02 6.139373874831239846e+02 9.951437387483125349e+03
1.543738747987407756e+01 1.543738748637302471e+01 1.279437387483123075e+03 1.279437387483123530e+03
1.437387483123573340e+00 1.193386220510245721e+02 1.193386220510259079e+02 1.954523807236213088e+03
4.581718714852555330e+00 4.582102483904884949e+00 3.296131475847639081e+02 3.296131475847640218e+02
1.437387202520866492e+00 3.737488728297623908e+01 3.737488884248281806e+01 6.139373878721920619e+02
2.330233583045976609e+00 2.358306311062608795e+00 1.193386400680787176e+02 1.193386401319864234e+02
5.247446983247381347e-01 2.255415135365720136e+00 6.831639946538819785e+00 7.294506058230190604e+00
3.571143362332867555e-01 1.704391221451636573e+00 4.144538848495870731e+00 8.994185884296834743e+00
3.416152523773906546e-01 1.625448097291977367e+00 3.707370670557838643e+00 6.426369433530039643e+00
3.385354399711769657e-01 1.616414092429852678e+00 3.668273296004839423e+00 6.070892642086848312e+00
3.380325528706587535e-01 1.613160659093086480e+00 3.664448593747815064e+00 6.052663097411926429e+00
